    [52, 51,  0, 51,  0,
     53,  0, 55, 52,  0,
     54, 53, 53, 55,  0,
     54,  0, 54,  0,  0] 
                     
    [ 0, 54, 52,  0,  0,
     54, 52, 52, 57,  0,
      0, 53, 52, 58,  0,
      0, 56, 52, 52,  0]

    [55, 55,  0,  0,  0,
     60, 59, 55, 55,  0,
     52, 56, 59,  0,  0,
      0, 54, 60,  0,  0]
      
    [60,  0, 60,  0,  0,
     56, 55, 56,  0,  0,
      0, 60,  0,  0,  0,
      0,  0,  0,  0,  0]
      
    [55, 56,  0,  0,  0,
      0, 60,  0,  0,  0,
      0,  0,  0,  0,  0,
      0,  0,  0,  0,  0]
      
    [ 0, 51,  0,  0,  0,
     52,  0,  0,  0,  0,
     53, 54, 52,  0,  0,
     54,  0, 54,  0,  0]
     
    [ 0, 56,  0,  0,  0,
     56,  0,  0, 54,  0,
     54, 56, 56,  0,  0,
     59,  0, 59,  0,  0]
     
    [ 0,  0, 53,  0,  0,
     53,  0,  0, 53,  0,
     62, 62, 62 , 0,  0,
     54,  0, 54,  0,  0]
     
    [61,  0,  0,  0,  0,
     53, 53,  0,  0,  0,
     62, 62, 52,  0,  0,
      0,  0,  0,  0,  0]
     
    [ 0, 64,  0,  0,  0,
     63, 59, 59, 63,  0,
     56, 59, 56, 63,  0,
      0, 56,  0, 56,  0]
      
    [ 0, 64,  0,  0,  0,
     63, 59, 59, 63,  0,
     56, 59, 56, 63,  0,
      0, 56,  0, 56,  0]
     
    [ 0, 64,  0,  0,  0,
     63, 59, 59, 63,  0,
     56, 59, 56, 63,  0,
      0, 56,  0, 56,  0]
      
    [59, 63, 59,  0,  0,
     61, 65, 61,  0,  0,
      0,  0,  0,  0,  0,
      0,  0,  0,  0,  0]
      
    [63, 63,  0,  0,  0,
      0, 59, 59,  0,  0,
     64, 64, 59,  0,  0,
     66,  0, 59,  0,  0]
     
    [67, 64,  0,  0,  0,
      0, 61,  0,  0,  0,
      0, 59, 59,  0,  0,
      0,  0,  0,  0,  0]
    
    [67, 64,  0,  0,  0,
     64, 61,  0,  0,  0,
      0, 59,  0,  0,  0,
      0, 59, 59,  0,  0]
      
    [68, 68, 68,  0,  0,
      0, 63,  0,  0,  0,
     68, 69, 68,  0,  0,
      0,  0,  0,  0,  0]
      
    [68, 68,  0,  0,  0,
     68, 63, 56,  0,  0,
      0, 68, 69,  0,  0,
     69,  0, 69, 69,  0]
     
    [ 0, 68, 68, 68,  0,
     68, 63, 68, 63, 68,
      0,  0, 63,  0,  0,
      0, 68,  0, 68,  0]
      
    [68, 68, 70,  0,  0,
      0, 70, 70,  0,  0,
      0, 56, 56,  0,  0,
      0,  0,  0,  0,  0]
      
    [ 0, 68, 68,  0,  0,
     68, 64, 64, 68,  0,
      0, 68, 68, 71,  0,
      0, 70, 70,  0,  0]
      
    [72,  0, 52,  0, 72,
     65, 72, 52, 72, 65,
      0, 70, 70, 70,  0,
      0,  0, 70,  0,  0]
     
    [52,  0, 56,  0, 52,
     51, 52, 54, 52, 51,
      0, 51, 54, 51,  0,
      0,  0, 51,  0,  0]
     
    [ 0, 64,  0, 64, 71,
     64, 64, 64,  0, 64,
      0,  0, 71,  0, 71,
      0,  0, 64, 71, 64]
      
    [53,  0, 53,  0,  0,
     73, 73, 53,  0,  0,
     74,  0, 74,  0,  0,
      0,  0,  0,  0,  0]
      
    [53, 53,  0, 53,  0,
     73, 73, 73, 53,  0,
     53, 73, 74, 73,  0,
      0, 74,  0, 74,  0]
      
    [51,  0, 51,  0,  0,
     73, 52, 73,  0,  0,
      0,  0,  0,  0,  0,
      0,  0,  0,  0,  0]
      
    [ 0, 51, 60,  0,  0,
     51, 60, 51, 51,  0,
     55, 74, 74, 55,  0,
     73,  0,  0, 73,  0]
     
    [ 0,  0, 73,  0,  0,
     73, 54, 73,  0,  0,
     54,  0, 54,  0,  0,
      0,  0,  0,  0,  0]
      
    [ 0,  0,  0, 52,  0,
     53,  0, 53, 53,  0,
     53, 53, 53, 53,  0,
     54,  0, 54,  0,  0]
     
    [ 0, 56,  0,  0,  0,
     71, 64, 71,  0,  0,
      0,  0,  0,  0,  0,
      0,  0,  0,  0,  0]
      
    [ 0, 56,  0,  0,  0,
      0, 59, 56,  0,  0,
     56, 59, 59,  0,  0,
     71, 64, 71,  0,  0]
